Title: Conway's Game of Life - 7x7 Oscillators Dataset (Work in Progress)
Source: https://github.com/cayscays/oscillators-7x7-dataset-game-of-life
Author: cayscays
Updated: September 21, 2022
Max checked value: 132,000,000

Summary: This dataset documents 7x7 oscillators in Conway's Game of Life. It is currently a work in progress, with ongoing updates and additions. It tracks the maximum checked value. 
         The oscillators have a maximum period of 15 generations, with the grid border extending to infinity.

-------
0000000
1110000
0000000
0000000
0000000
0000000
0000000
-------
0000000
0111000
0000000
0000000
0000000
0000000
0000000
-------
0000000
0011100
0000000
0000000
0000000
0000000
0000000
-------
0000000
0001110
0000000
0000000
0000000
0000000
0000000
-------
0000011
1110011
0000000
0000000
0000000
0000000
0000000
-------
0000000
0000111
0000000
0000000
0000000
0000000
0000000
-------
1100000
1100111
0000000
0000000
0000000
0000000
0000000
-------
0000000
1110111
0000000
0000000
0000000
0000000
0000000
-------
0100000
0100000
0100000
0000000
0000000
0000000
0000000
-------
0100011
0100011
0100000
0000000
0000000
0000000
0000000
-------
0100000
0100111
0100000
0000000
0000000
0000000
0000000
-------
0100000
1010111
0100000
0000000
0000000
0000000
0000000
-------
1100000
1010111
0100000
0000000
0000000
0000000
0000000
-------
0000000
1100111
1100000
0000000
0000000
0000000
0000000
-------
0100000
1010111
1100000
0000000
0000000
0000000
0000000
-------
0010000
0010000
0010000
0000000
0000000
0000000
0000000
-------
0000000
0000000
1110000
0000000
0000000
0000000
0000000
-------
0000000
0111000
1110000
0000000
0000000
0000000
0000000
-------
0000011
0000011
1110000
0000000
0000000
0000000
0000000
-------
0000000
0000111
1110000
0000000
0000000
0000000
0000000
-------
0001000
0001000
0001000
0000000
0000000
0000000
0000000
-------
0001110
0110011
0011000
0000000
0000000
0000000
0000000
-------
0000000
0000000
0111000
0000000
0000000
0000000
0000000
-------
0000000
1110000
0111000
0000000
0000000
0000000
0000000
-------
0000000
0011100
0111000
0000000
0000000
0000000
0000000
-------
0011111
0100011
0111000
0000000
0000000
0000000
0000000
-------
0000100
0000100
0000100
0000000
0000000
0000000
0000000
-------
0111000
1100110
0001100
0000000
0000000
0000000
0000000
-------
0110100
0100100
1001100
0000000
0000000
0000000
0000000
-------
0000000
0000000
0011100
0000000
0000000
0000000
0000000
-------
0000000
0111000
0011100
0000000
0000000
0000000
0000000
-------
0000000
0001110
0011100
0000000
0000000
0000000
0000000
-------
0000010
0000010
0000010
0000000
0000000
0000000
0000000
-------
1100010
1100010
0000010
0000000
0000000
0000000
0000000
-------
0000010
1110010
0000010
0000000
0000000
0000000
0000000
-------
0000010
1110101
0000010
0000000
0000000
0000000
0000000
-------
0000011
1110101
0000010
0000000
0000000
0000000
0000000
-------
0100010
0100010
0100010
0000000
0000000
0000000
0000000
-------
0100010
1010010
0100010
0000000
0000000
0000000
0000000
-------
1100010
1010010
0100010
0000000
0000000
0000000
0000000
-------
0100010
0100101
0100010
0000000
0000000
0000000
0000000
-------
0100011
0100101
0100010
0000000
0000000
0000000
0000000
-------
0000010
1100010
1100010
0000000
0000000
0000000
0000000
-------
0100010
1010010
1100010
0000000
0000000
0000000
0000000
-------
0000010
0000010
1110010
0000000
0000000
0000000
0000000
-------
0000010
0000101
1110010
0000000
0000000
0000000
0000000
-------
0000011
0000101
1110010
0000000
0000000
0000000
0000000
-------
0000000
0000000
0001110
0000000
0000000
0000000
0000000
-------
0000000
0011100
0001110
0000000
0000000
0000000
0000000
-------
1111100
1100010
0001110
0000000
0000000
0000000
0000000
-------
0000000
0000111
0001110
0000000
0000000
0000000
0000000
-------
0010110
0010010
0011001
0000000
0000000
0000000
0000000
-------
0000010
1110101
0000011
0000000
0000000
0000000
0000000
-------
0000000
1110011
0000011
0000000
0000000
0000000
0000000
-------
0100010
0100101
0100011
0000000
0000000
0000000
0000000
-------
0100000
0100011
0100011
0000000
0000000
0000000
0000000
-------
0000010
0000101
1110011
0000000
0000000
0000000
0000000
-------
0000000
0000011
1110011
0000000
0000000
0000000
0000000
-------
0000000
0000000
0000111
0000000
0000000
0000000
0000000
-------
1100000
1100000
0000111
0000000
0000000
0000000
0000000
-------
0000000
1110000
0000111
0000000
0000000
0000000
0000000
-------
0000000
0001110
0000111
0000000
0000000
0000000
0000000
-------
0100000
0100000
0100111
0000000
0000000
0000000
0000000
-------
0100000
1010000
0100111
0000000
0000000
0000000
0000000
-------
1100000
1010000
0100111
0000000
0000000
0000000
0000000
-------
0000000
1100000
1100111
0000000
0000000
0000000
0000000
-------
0100000
1010000
1100111
0000000
0000000
0000000
0000000
-------
0000000
0000000
1110111
0000000
0000000
0000000
0000000
-------
0000000
0100000
0100000
0100000
0000000
0000000
0000000
-------
0000011
0100011
0100000
0100000
0000000
0000000
0000000
-------
0000000
0100111
0100000
0100000
0000000
0000000
0000000
-------
0000000
0100111
1010000
0100000
0000000
0000000
0000000
-------
0000000
1100111
1010000
0100000
0000000
0000000
0000000
-------
0010000
0110000
0110000
0100000
0000000
0000000
0000000
-------
0010000
1001000
1001000
0100000
0000000
0000000
0000000
-------
0010100
0111100
1001000
0100000
0000000
0000000
0000000
-------
0010000
1010000
0101000
0100000
0000000
0000000
0000000
-------
0010000
1100000
0011000
0100000
0000000
0000000
0000000
-------
0000010
0100010
0100010
0100000
0000000
0000000
0000000
-------
0000010
0100101
0100010
0100000
0000000
0000000
0000000
-------
0000011
0100101
0100010
0100000
0000000
0000000
0000000
-------
0000010
0100010
1010010
0100000
0000000
0000000
0000000
-------
0000010
1100010
1010010
0100000
0000000
0000000
0000000
-------
0000010
0100101
0100011
0100000
0000000
0000000
0000000
-------
0000000
0100011
0100011
0100000
0000000
0000000
0000000
-------
0000000
0100000
0100111
0100000
0000000
0000000
0000000
-------
0000000
0100000
1010111
0100000
0000000
0000000
0000000
-------
0000000
1100000
1010111
0100000
0000000
0000000
0000000
-------
0011000
0001000
1000000
1100000
0000000
0000000
0000000
-------
1100000
1001110
1000000
1100000
0000000
0000000
0000000
-------
0011011
0001011
1000000
1100000
0000000
0000000
0000000
-------
1100000
1000111
1000000
1100000
0000000
0000000
0000000
-------
1100000
0100111
1000000
1100000
0000000
0000000
0000000
-------
1100000
1000111
0100000
1100000
0000000
0000000
0000000
-------
0011000
0011000
1100000
1100000
0000000
0000000
0000000
-------
0011011
0011011
1100000
1100000
0000000
0000000
0000000
-------
0000000
0000111
1100000
1100000
0000000
0000000
0000000
-------
0000000
0100111
1010000
1100000
0000000
0000000
0000000
-------
1100100
1000100
1000100
1100000
0000000
0000000
0000000
-------
1100010
1000010
1000010
1100000
0000000
0000000
0000000
-------
1100010
0100010
1000010
1100000
0000000
0000000
0000000
-------
1100010
1000010
0100010
1100000
0000000
0000000
0000000
-------
0000010
0000010
1100010
1100000
0000000
0000000
0000000
-------
0000010
0100010
1010010
1100000
0000000
0000000
0000000
-------
1100000
1000000
1001110
1100000
0000000
0000000
0000000
-------
1100000
1000000
1000111
1100000
0000000
0000000
0000000
-------
1100000
0100000
1000111
1100000
0000000
0000000
0000000
-------
1100000
1000000
0100111
1100000
0000000
0000000
0000000
-------
0000000
0000000
1100111
1100000
0000000
0000000
0000000
-------
0000000
0100000
1010111
1100000
0000000
0000000
0000000
-------
0100000
0011000
1100000
0010000
0000000
0000000
0000000
-------
0000000
0010000
0010000
0010000
0000000
0000000
0000000
-------
0100000
0101000
1010000
0010000
0000000
0000000
0000000
-------
0100000
0110000
0110000
0010000
0000000
0000000
0000000
-------
0011101
0100001
0110000
0010000
0000000
0000000
0000000
-------
0100000
1001000
1001000
0010000
0000000
0000000
0000000
-------
0001000
0011000
0011000
0010000
0000000
0000000
0000000
-------
0001000
0100100
0100100
0010000
0000000
0000000
0000000
-------
0001000
0101000
0010100
0010000
0000000
0000000
0000000
-------
1111110
1000010
0010100
0010000
0000000
0000000
0000000
-------
0001000
0110000
0001100
0010000
0000000
0000000
0000000
-------
0110000
0001000
1000000
0110000
0000000
0000000
0000000
-------
0010100
0101100
1000000
0110000
0000000
0000000
0000000
-------
0001100
0000100
0100000
0110000
0000000
0000000
0000000
-------
0001100
0001100
0110000
0110000
0000000
0000000
0000000
-------
0011010
0100010
0110000
0110000
0000000
0000000
0000000
-------
0110000
1000000
0001000
0110000
0000000
0000000
0000000
-------
0000000
0000000
0000000
1110000
0000000
0000000
0000000
-------
0000110
0000110
0000000
1110000
0000000
0000000
0000000
-------
0000011
0000011
0000000
1110000
0000000
0000000
0000000
-------
0000000
0000111
0000000
1110000
0000000
0000000
0000000
-------
0000000
0000000
0111000
1110000
0000000
0000000
0000000
-------
0000010
0000010
0000010
1110000
0000000
0000000
0000000
-------
0000010
0000101
0000010
1110000
0000000
0000000
0000000
-------
0000110
0000101
0000010
1110000
0000000
0000000
0000000
-------
0000011
0000101
0000010
1110000
0000000
0000000
0000000
-------
0000010
0000101
0000011
1110000
0000000
0000000
0000000
-------
0000110
0000101
0000011
1110000
0000000
0000000
0000000
-------
0000000
0000011
0000011
1110000
0000000
0000000
0000000
-------
0000000
0000000
0000111
1110000
0000000
0000000
0000000
-------
0010000
0001100
0110000
0001000
0000000
0000000
0000000
-------
0000000
0001000
0001000
0001000
0000000
0000000
0000000
-------
0010000
0010100
0101000
0001000
0000000
0000000
0000000
-------
1111110
1000010
0101000
0001000
0000000
0000000
0000000
-------
0010000
0011000
0011000
0001000
0000000
0000000
0000000
-------
0010000
0100100
0100100
0001000
0000000
0000000
0000000
-------
0000100
0001100
0001100
0001000
0000000
0000000
0000000
-------
0000100
0010010
0010010
0001000
0000000
0000000
0000000
-------
0000100
0010100
0001010
0001000
0000000
0000000
0000000
-------
0111111
0100001
0001010
0001000
0000000
0000000
0000000
-------
0000100
0011000
0000110
0001000
0000000
0000000
0000000
-------
0011000
0000100
0100000
0011000
0000000
0000000
0000000
-------
0000110
0000010
0010000
0011000
0000000
0000000
0000000
-------
1100000
1000000
0001000
0011000
0000000
0000000
0000000
-------
1100000
1100000
0011000
0011000
0000000
0000000
0000000
-------
0000110
0000110
0011000
0011000
0000000
0000000
0000000
-------
0011000
0100000
0000100
0011000
0000000
0000000
0000000
-------
0000000
0000000
0000000
0111000
0000000
0000000
0000000
-------
0000011
0000011
0000000
0111000
0000000
0000000
0000000
-------
0000000
0000000
1110000
0111000
0000000
0000000
0000000
-------
0000000
0000000
0011100
0111000
0000000
0000000
0000000
-------
0001110
0011001
0011011
0111000
0000000
0000000
0000000
-------
0001000
0000110
0011000
0000100
0000000
0000000
0000000
-------
0000000
0000100
0000100
0000100
0000000
0000000
0000000
-------
0001000
0001010
0010100
0000100
0000000
0000000
0000000
-------
0111111
0100001
0010100
0000100
0000000
0000000
0000000
-------
0001000
0001100
0001100
0000100
0000000
0000000
0000000
-------
0001000
0010010
0010010
0000100
0000000
0000000
0000000
-------
1011100
1000010
0000110
0000100
0000000
0000000
0000000
-------
0000010
0000110
0000110
0000100
0000000
0000000
0000000
-------
0000010
0001001
0001001
0000100
0000000
0000000
0000000
-------
0000010
0001010
0000101
0000100
0000000
0000000
0000000
-------
0000010
0001100
0000011
0000100
0000000
0000000
0000000
-------
1100000
1000100
1000100
1100100
0000000
0000000
0000000
-------
1100010
1000110
1000110
1100100
0000000
0000000
0000000
-------
1100010
1001010
1000101
1100100
0000000
0000000
0000000
-------
1100010
1001100
1000011
1100100
0000000
0000000
0000000
-------
0001100
0000010
0010000
0001100
0000000
0000000
0000000
-------
0000011
0000001
0001000
0001100
0000000
0000000
0000000
-------
0110000
0100000
0000100
0001100
0000000
0000000
0000000
-------
0110000
0110000
0001100
0001100
0000000
0000000
0000000
-------
0000011
0000011
0001100
0001100
0000000
0000000
0000000
-------
0001100
0010000
0000010
0001100
0000000
0000000
0000000
-------
1100011
0100001
0101000
1101100
0000000
0000000
0000000
-------
0000011
0000001
1101000
1101100
0000000
0000000
0000000
-------
1100011
0100011
0101100
1101100
0000000
0000000
0000000
-------
0000011
0000011
1101100
1101100
0000000
0000000
0000000
-------
0000000
0000000
0000000
0011100
0000000
0000000
0000000
-------
0000000
0000000
0111000
0011100
0000000
0000000
0000000
-------
0000000
0000000
0001110
0011100
0000000
0000000
0000000
-------
0000100
0000011
0001100
0000010
0000000
0000000
0000000
-------
0000000
0000010
0000010
0000010
0000000
0000000
0000000
-------
1100000
1100010
0000010
0000010
0000000
0000000
0000000
-------
0000000
1110010
0000010
0000010
0000000
0000000
0000000
-------
0100000
0100010
0100010
0000010
0000000
0000000
0000000
-------
0100000
1010010
0100010
0000010
0000000
0000000
0000000
-------
1100000
1010010
0100010
0000010
0000000
0000000
0000000
-------
0000000
1100010
1100010
0000010
0000000
0000000
0000000
-------
0100000
1010010
1100010
0000010
0000000
0000000
0000000
-------
0000000
0000010
1110010
0000010
0000000
0000000
0000000
-------
0000100
0000101
0001010
0000010
0000000
0000000
0000000
-------
0000100
0000110
0000110
0000010
0000000
0000000
0000000
-------
0010100
0011110
0001001
0000010
0000000
0000000
0000000
-------
0000100
0001001
0001001
0000010
0000000
0000000
0000000
-------
0000000
1110010
0000101
0000010
0000000
0000000
0000000
-------
0000000
1110011
0000101
0000010
0000000
0000000
0000000
-------
0100000
0100010
0100101
0000010
0000000
0000000
0000000
-------
0100000
0100011
0100101
0000010
0000000
0000000
0000000
-------
0000000
0000010
1110101
0000010
0000000
0000000
0000000
-------
0000000
0000011
1110101
0000010
0000000
0000000
0000000
-------
0000000
0100010
0100010
0100010
0000000
0000000
0000000
-------
0000000
0100010
1010010
0100010
0000000
0000000
0000000
-------
0000000
1100010
1010010
0100010
0000000
0000000
0000000
-------
0000000
0100010
0100101
0100010
0000000
0000000
0000000
-------
0000000
0100011
0100101
0100010
0000000
0000000
0000000
-------
1100100
1000011
1001100
1100010
0000000
0000000
0000000
-------
1100000
1000010
1000010
1100010
0000000
0000000
0000000
-------
1100000
0100010
1000010
1100010
0000000
0000000
0000000
-------
1100000
1000010
0100010
1100010
0000000
0000000
0000000
-------
0000000
0000010
1100010
1100010
0000000
0000000
0000000
-------
0000000
0100010
1010010
1100010
0000000
0000000
0000000
-------
1100100
1000101
1001010
1100010
0000000
0000000
0000000
-------
1100100
1000110
1000110
1100010
0000000
0000000
0000000
-------
0000000
0000010
0000010
1110010
0000000
0000000
0000000
-------
0000000
0000010
0000101
1110010
0000000
0000000
0000000
-------
0000000
0000011
0000101
1110010
0000000
0000000
0000000
-------
0000110
0000001
0001000
0000110
0000000
0000000
0000000
-------
0011000
0010000
0000010
0000110
0000000
0000000
0000000
-------
0011000
0011000
0000110
0000110
0000000
0000000
0000000
-------
0101100
0100010
0000110
0000110
0000000
0000000
0000000
-------
0000110
0001000
0000001
0000110
0000000
0000000
0000000
-------
0010100
0011010
0000001
0000110
0000000
0000000
0000000
-------
1100110
1000001
1001000
1100110
0000000
0000000
0000000
-------
1100110
1001000
1000001
1100110
0000000
0000000
0000000
-------
0000000
0000000
0000000
0001110
0000000
0000000
0000000
-------
1100000
1100000
0000000
0001110
0000000
0000000
0000000
-------
0111000
1001100
1101100
0001110
0000000
0000000
0000000
-------
0000000
0000000
0011100
0001110
0000000
0000000
0000000
-------
0000000
0000000
0000111
0001110
0000000
0000000
0000000
-------
1100000
1000000
1000000
1101110
0000000
0000000
0000000
-------
Source: https://github.com/cayscays/oscillators-7x7-dataset-game-of-life
